592 POLANCI COMPLEMENTA

para distribuit· entre 01103 006 16 031661636, y 1311101611 16 113 3100
offrecido 61 3600110 061 lugar donde 61 y los suyos son 031013-
163 7, y se sabe 006 00 113 36601300 0303, 001006 6313 006310 60
006 103 suyos no sean ricos; y no solamente tornando de otros‚
600 103 003163 000113 061061 algo de su 11061130, 0610 01 300 06
10 006 61 1063100 0303 163 000113 031. Y 06636 6310, 001006 de·
mandando 000 06 103 30011003 06 11133 3061011030 616113 6033, 001
306116 331 0613030100 aiguno que 16 0636303 061 11133 1160, 61 0303
16 013000 06211 00160 16 3013 0300 131 1660610ος y como 10 3000,
61001016 3 06211 03130133 muy 36011033, y entre otras 006 3160-
01636 3 gouernar bien 13 0100113 6333, y 00 36 6011610611636 60 13
suya; y 31 3001100, 6)(11011300016 3 3013231 13 0001623, 16 601010
310 03116 0303 (16 10 006 06013; y 331 06 10 006 vaca 03 3 vnos y
3 01103, y 00 36 60116006 6033 06 1110106010 006 aya dado 3 103
30011003, 310010 0060 006 163 010 31 011061010.

330636 1311101611 006 un 36001 06 111010 y rico 610010 3 offre-
661 30 hija 31 0303 0313 006 13 633336 600 00 30 30011110, hermano
061 63106031 Alexandrino, offreeiendo ⁷qruesa dote, 600 06360 06
6003160131 600 S. S.: y 61 0303 16 163000010 0300016 01061133 gra—
1133 06 30 00100130, y 60 10 061033 01216000, 006 60 30 6333 nun-
ea 3013 30100 111010 06 00006, 01 10310063, 111 03100, y que no
006113 1011000211 60 6113 60333 006033. [)6316 11163010 3001100,
006 113 631300 60 61 collegio germanico, y 3013 6313 6011 30 her-
10300 61 63106031 (300006 11606 su 01363110 0311160131) 11301303 31
0303 61 0131101οο100 061 016110 63106031, 01216000 006 13 familia
30113 06 616061 001· 103 6113003 006 301130 06 031 31 36001· Α1110-
010 Η161001010; demanda 61 0303 00160 63 6316 36001 Antonio
Hier6ni1n03 y 1630000160οο 006 613 61 016110 1161111300 061 63106-
031, 101110 011 0060 06 601613, 0121600οῑ jQue 36001 Αο100101 Αο-
10010 63, y Antonio 3613, y no 36001 Αο10010; y 331 16 mand& dar
00 611300 0 003, 01216000 006 006113 36 31101636 61 3 31 1063100,
60100 10 113213 01110610.

5. Τ6013 6000611016010 61 0303 30163 06 30 0001106300 600

 

⁷ Boschi natus 6131, in oppido ditionis mediolanensis, dioecesis derto-
nensis. Cf. epist. 126, 0. 2.

