452 POLAN01 COMPLEMENTA

33106016. Τ3101)160 36 16 01010 06 006303 03116 00 (0010 0100110,
006 00 principe 06 Α1610303 00016336 fundar dos collegios de
bienes de 13 Yglesia: vno 06 13 (3010031113, y otro de 61611003 06-
113Χο 06 3010311106100; y 10 60066010. Y 300006 3610613016 063-
pacho 30616 pedis 601000316100, 1003013 16 60066010 gratis. Y
como por 13 6016006030 00 pudo 0063110 Ρ3016 yr por algunos
dias 3 0313610, 60160061003 006 06103000 algunas uezes 610303 31
613 060100, y 60100 00 06013 006300 133016 3 16 1131)]3(; y final-
mente fue} un dia 06 6313 3610303 006300 Ρ3016 3 16 11311131 junto
600 61 Ρ. 831016100 006 613 llegado 30061 013 (16 venecia, y 30
33011030 163 11120 (006110 acogimiento, y 163 11120 16030131; y por-
006 60160013 006 0063110 133016 3013 631300 10013006310, 16 (030·
00 00 36 0030133 06263 006 36 assentasse, 300006 36 636030
006300 133016 06 11326110. Y 600 36( 06 30 natura 30 33011030
muy breue, 631000 60100663 00 11013 larga hablando 600 (006113
0601001030 y 0610030361011 06 grande amor 600 103 0161103 Ρ3-
0163, 600161160οο 600 61103 10061133 60333 06 103 1106003 y santos
deseos y 0136003 006 11606 0313 3)]003 dela Yglesia. Y 60 10 006
106303 31 6006016111» 061 11311131 600 61 63106031 1301101060, 01Χο
006 61 006 11600 13 6100311303 3013 6)(660100 13 601013310ος y sini
1160 30 016016 0031110 31 (660011016010 061 63106031, 13 0031 613
13010311116303,003010 36 00013 06011. Y asi 006300 133016 16
01Χο 006 10 1063010 006 30 33011030 06213, 613 10 006 [36] 3013 06
1106303 03116 36010300 311’ 111010. 63106031 1301100160, 30 sobrino.
Y finalmente 30 33011030 010661600036 (006110, y 01216000 006 106-
3611103 6303 013 001 alla, no solamente 3 30 63106031, 0133 3 61 0163-
1110, y 16 010 11660613 0313 yrse3 y 36010311003610 0063110 Ρ3016,
1311111160 1131010 31 sacerdote 3 00160 0311160131106016 3013 060300
006 00 1131113336 3 30 301)1100; y luego 61 013 siguiente fue} 3 113-
1)131 31 016110 63106031. [)6 11130613 006 36 010 00111163106016 3163-
00 61 6006016110 6011 63066131 60030136100 061 1063100 63106031.
Ε313 6313 111310113, 06 13 0031 116 0061100 301331, 001006 00606
361 006 6011311 001 3113 1003013 103 10100163 011106103.

En 133 0131101163 06 V. R. y 06 1003 30 prouincia 10003 (006110
1103 606010600311103. [)6 Roma 6 06 Mayo 1564.

Addit ms..· Hasta 3001 3 103 6 06 Mayo.

