EPIST. 83.—}›0 AUGUSTl 1563 393

tales 1001110100105 50 00000 1111101, y 000 10 yglesia 00000 11020110,
y es 0500010010 10 haga asi, por 001101 muchosy graues 10000110-
0100105 000 50 siguen 00 105 10105 1001111000105. Otros 10001105, y
muy doctos, asi theclogos como canonistas, 000000 110 100105
00 00111010 (001000 0000 00550100 00 10 101100 00 105 000 110000
01 0010001 501310010110) 11011 010110 000 50 00101100 101001 01105 10-
11100105, 00010 00 00005 graues y cosas semejantcs, mas 00 1111-
101 105 10105 0101111000105, 001000 000 0100110 probabilidad 50
00000 00001 51 10 yglesia 00000 110201 0510, 050001011001110 00
10001105 00505 00 000 yria 050 01000010 00 10 yglesia, assi gene—
101100010 01000000, 000110 01 00100110 010100 y natural. Νο05110
Ρο010 010005110 110 5100 00 10 00110 (10 105 100005, y dicho 000
1000110 100120 y fundamento 00 00011100 y 10200 sobre 0510 0005-
1100, y asi 05100 00 01000150 (01000000050 00 0110 0100010) 105
00010105 000 00510 110110000. Το00010 05 00 500101 00 Dios N. S.
000 00105 00 10 50551011 1011111000 0010 105 15 ³ 00 5011001010, 50
0010 algt'm buen corte, y 5010100 01105 10001105 000105 10000105
0 10 1010110001όο 00 110110 grande importancia. Y 001000, 51 Dios
fuere 5010100 000 50 promulguen, 0110 50 00100 010510 000 05100- “
00005, 00 0011010 00 10 particular 001105.

2. Quanto 0 10 fin 001 00001110, 51 50 10110 0 105 00505 000 0001
50 1100 00 110101, 1102050 000010 010110010100010, 000 00105 00
Νο01000 1000 5010 000010100. Το10050 algt'm 0510100 (10 00110 00
algunos principes, 000000 podria 501 cessasse 1011111100 0510, y
000 1101110550 000 110000 001051100110, 10 0001 05 00 10001 0 Dios
N. S„ y que no 000001005 000 5050005100 del 00001110 00100
01105 00205, 10 0001 0100001110 1000110 10 οΧ00000100 00 105 1100-
005 0010110100010005.

3. Quanto 0 105 00505 00 10 religic'm 00 Francia, ya sabran
por alla 00100 50 000 mejor 0000110000οΟ, Dios loado. El primer
11011010 000 100 01510 00 15000, 100 01 001 Ρ. Ε100000, 0050005
000 105 hereges 50 0100100 000 0000110 010000, 01 0001 00110 105
011100105 0105 00]0110 00 0000110 010000, 000000 50 010 lugar a
000 105 0010011005 0111105500, y 000 50 00100000550 0 00211 101550,

a Ebor. HJ, 16.

