3όὸ Postumi COMPLEMENTA

[101 61 06 Tornay, donde se 113 0010602300 3 113261 00131116 frue-
10, y 351 60 (3301111337, 300006 113 0000 006 3111 65130 105 11065-
1105; 13010 006 61 560300 y vniuersidad de Louayna, que 30165
no queria 16501011 11065110 collegio 510 0161135 condiciones ini-
' 00155111135, 3013 113260 61105 10650105 105130113 muy grande para
que accepte 0065113 (3011103013 vno de quatro collegios 01100103-
165 006 3111 11606 13 νο106151030; y 61105 10651005 0116260 06 1113016-
061 3100110010610 06 105 11065005. ΝΟ 56 113 300601300 131 35501110-
10 001006 61105 00611130 006 00 56 10216560 gratis todos 11065005
101015161105, 3 10 1116005 31 principio, 001006 no 56 06510216560 105
01105 0011601105, viniendo todos 31 006500, 001110 61105 0126ος y 351
00611130 00061 61105 vn 0100013001 006 10111356 10 006 56 3005-
10101113 06 105 scholares, ya que 110501105 00 10 0061611105 101031.
Υ 1300000 6510 00 56 301111116; y 3001 651313 differentia. Creyn
105 00651105 006 56 165010613 11160 3006113 0053ς y 10005 601160060
006 13 0013 0606551030 006 1160611 06 13 0010031113, 165 haze ve-

nir 3 10 006 30165 1600531130 130 01151103031116016. Y 06 (11061535
01135 031165 06 30061105 6513005 065630 13 0010031113, y tienen

0065105 105 0105 60 6113 0313 6506131 337003 60 10 006 1003 3 000-
0103 5303 y costumbres.

5. De Franzia 3511065010 56 0011116023 3 560111 y 11311131 (165-
13 1030613, viendo 13 06500γο100 0 baxa 130 00131116 06 135 01135
(1106065, y 10 006 06 0065113 (3001031113 56 001016023 3 561011 Dios
N. S.: 0053 006 001 vna parte 03 113113 00035100 06 00101, 1116000
13013 salta de 0005 1611160105, 006 56 000030 105 0105 60 e'ste¹
como 130 111100113016; y por 003 06 160000061 13 gracia 06 Dios·
N. S. que 06 130 061111 gente 0010013 0065113, 001616 6011311113οΟ
0313 56101156; y 06 50001103116 3011161116 50 spiritu y virtud 60 105
00005 006131105 006 16061005, y el 11001610 06 61105; 006 016110,
001 01001105 006 106560, 031626 561130 00005 0313 610016535 06 ·
13010 0101116010 001110 56 006260 0303 013, y 105 006 56 10501ογ60
60 Roma, 300006 56311 10001105 0313 13 00111623 06 13 0011103013,
00 5011 5100 rnuy 00005 0313 135 060655103065 06 65135 03010065
(006 500 00351 10035 135 06 13 011115030030 fuera de los reynos 06
Ε503ῑ13 y Portugal) 3 135 003165 113 06 300011.

0. Ι)650065 06 13 0113 06 0 061 01656016, 031626 006 61

