EPIST. 114.—8 DECEMBms 1564 503

animas, los quales por 50 1001500516100 00 116060 60 10061135 031·
165 13 06006100 006 6000600113 3 105 11301105 06 105 1611010505.

10. La 65116611623 06 13 0001623 65 mayor que muehos pien-
530 01 601160060 60 6513 (301003013ς 001006 01 135 63535 06 105
professos, ni 505 yglesias o 5361151135, 006060 16061 16013 01000-
03 60 600100 01 60 particular, sino uiuir de puras 111005035, 135
003165 01 01060 01 3660130 001 1015535, 01 confessiones, ni 01601-
63610065, 01 01105 3100005 101015161105 suyos, 60100 311103 56 dixo,
ni heredan sus casas, ni 601160105, 001 13200 06 105 1611010505 006
65130 60 61105, y 10005 113260 0010 particular (16 00 1131131 06
3131031· 6513 0001623. Ε5 061030 006 105 601160105 0161105, 001 00
01511361 105 65100130165 600 06011 111005035, 01 013031 105 0060105
600 13 60513 (16 103016061 60011003106016 13010 numero de 06150-
nas, y 001006 006030 113261 505 01116105 611 ayuda de 105 0060105,
510 100131 0303 061105, 56000 50 105111010 006060 16061 16013 0313
50 505160136100; 0610 60100 105 60116013165 363030 505 65100105,
53160 06 105 601160105, y uienen 3 13 0013 0001623 06 135 63535 06
105 professos, los quales poco ni mucho 00 56 006060 3010066031
0613 16013 06 105 601160105. Y asi parece 56 601003116 0160 13
6053, 006 105 006 00230 06 135 160135 60 13010 006 65100130, 65(
tan del todo subiectos 3 105 professos, que tienen para 6510 306-
1011030, y pueden poner y quitar los 65100130165 06 105 601160105,
60010 165 031666 60006011, y ellos 00 006060 00231 0303 065105
016065, y 351 105 113260 015060531 600 tanto 1035 1016011030, 00
16016000 0110 01006600 5100 61131 60 105 13165 601160105 subiectos
que 5630 30105 0313 105 101015161105 06 13 0011103013.

11. Tambie'n 65 06 30061111 006 60100 56 160313 13 Compa-
fiia contra 13 30311613 600 61 03103116 06 13 0001623, asi 56 1603-
13 600113 13 310016100 600 00105 particulares de 00063 01060131
01001030 310003 (160110 01 fuera de 13 600016036100, 01 36660131-
13 fuera della, 300006 56 13 01062630, 510 11660613 (161 general, 61
0031 00063 13 ha de (131, 51 00 65 1012300 001 obediencia 06
quien puede obligarle a peccado. Y 51, 00 00513016 61 0010, 3100-
'no 56 11311356 113061 11311300 06 310003 01001030 0 63100 060110
06 13 600016036100, 001 61 1065100 6350, 510 135 01135 06035, 006-
03113 10113011 0313 6113 y qualquiera 0113.

