EPIST. 78.—19 APR1L1s 1563 365

cluyr 10 000 113Ζο al 0330 00 103 0001033 y 00 13 10100031ἰό0. Ρ10-
03 3 Dios N. S. 000 asi sea.

3. El viernes 00313003 00 1333003 30 1331110 01 100300 11101011
3 Ispruck, 00000 0313 01 00113013001, 003110 10103033 0 poco 1110-
1103 00 3001; y dizen 30 00100013 130003 0133, y 1010313 3 Τ10010.
Εο11000030 000 vno 00 103 principales 00000103 3 000 va, 03 3
303011 31 01013013οΟ1 000 170003 31 00001110 3 13010003, 13010110 00
131 0330 13013100 01 133133 1700013, y ofrezerle 113 10001133 00111001-
03003 13313 03131010303. ΝΟ 30 11000 1301 010110 000 10 130130301-
13, 1301 103130010 00 3100003 3000103 00 Α101113013, 3 0010003 311
venida desplazeria; 300000 01103 creyn 000 31 su 1113103130 31011-
10 30131 13313 mayor 30101010 diuino, νο0013. Υ 00 131 0330, 31313
00033100 00 3130131 000 1310310 y 13100 30 aya 00 concluyr 10 000
00 01 00001110 30 1310110000. 601010 1000 13 (110103 sapientia 00100
vey 000 mas 00001000 13313 3)]003 00 30 )’010313.

4. Ε310 0110 013, 0011110000 000 01 100310 ν311010030, 00100-
011003 0001001300030 3000113 11130303 (000 100 011001303 00313003
00 1333003) 103 1103 1003003 0310003103 000 3001 ay, 3011010100 3
30 33011030 000 01 remedio 000 ay 13313 3)’0031 133 00333 00 13 101· ’
110100 00 Α10103013, 03 ynbiar 10001103 00 13 (3010133013 0010303
3 0113, y 000 331 10 0οΖ13 01 00000 00 Luna ²², embaxador 001 10)*
0311101100, 000 00 30001133 1331103 νο1113; y 000 30 33011030 001313
0000001 y ayudar 0003113 00010, 010. No supo 0100000 00 003·
01103 000 131 0111010 17131030 1100110 01 001100 000 103 1003003, 01 103
1003003 000 01 133133, 113313 000 003 10 01Χο 01 010110 031000311731-
1010030, 3113010000 000 00 3013 firmado 10113 00 100101 0303 000
0313 13313 30 33011030, Εο110 01 00000 00 Luna 00 Τ10010 0110-
003 (10313003 00 pascua. Ι-Ιο100310 1113113οο, 300000 110 0003110 Ρ3-
010, por 03131 000 13 13003013 00 13 031113. Ε3 amigo y 000010 00
0003113 (3001133013, 3 10 000 1331οΖ0. Ε310 000001310 000 103 1003-
003 1130 3011110 31 133133, y 311103 001103 01 01013013001, 00 (100 13
0010133013 03 quasi 13 <mica via 00 3)]0031 13 Α10103013, 1331οΖ0
van tornando 103 00 Flandes, por 13 031301100113 000 110000 00 103
001100103 110Ζὶ003 00 Colonia, Τ100010 y Moguntia, y 1033 00103,

² Claudius Fernandez de Quifi01ieS‚ orator Philippi 11 10 concilio.

