EPIST. 70.-27 Novstssms 1500 235

0106 001103 0613 (3001031113, y 130 0613030100 006 00 16 311 06
06011 3100 00333 justas, 006 3 0031001613 0033 006 36 16 16016360·
1316 1131130103 muy 13011. Y 331 000 30 111300 36 3 010001300 ,36
6111160 algunas malas obras, para 133 003163 110 1133130311 1320063
ni 11160103 303063. 800036 006 16013 61 1063010 0011060300 vn 116
11160 3 11106116 001 303 0610611103; 61 0031 31600016 1131113οΟ, 06213
006161 morit 01111311300; y asi 36 01010 13 01130100 06 13 11106116 31
ἑ(1006103001, 0313 0006116 10311ογ1 60 13 166; y 000060160003613,
. fu& chathecizado por vno 06 103 00631103 113313 006 36 0030 60
6310, y 60 3103003116 013013 06 13 vida vn 03106031 006 63 010160-
tor (16 103 0113111600016003.

816000 000060300 31 fuego vn hereje 006 avia 3100 60111300
(16 ]6ι1603 0313 3611111131 13 212303 06 303 pestilentes errores 60
6313 0111030, 61 gouernador y 113031 rogaron 3 0063110 Ρ3016 006
10636 vna 000116 3 01300131 000 61, y 01000131 06 00006006116. Y
300006 61 11010313 meis (16 1131113116 3 30133, 001 00003061 13 301161η
013 06 103 11616163, 006 103 1132611133 01131103οο3 0613016 06 01103,
63060131106016 103 006 hazon professiOn de 013631103, 10031113 001·
006 36 30130 1001300 3006113 000116 algunos 0310603163 y 01113003
y mucha gente noble, y entre 6113 algunos parientes 061 0303
0313 ver 13 0130013, 00 36 0000 061131 (16 113131 000 61 60 001111-
00. Y ν636 0030 0100113 363 13 vanagloria 06 103 13163, y 00311
gran parte 06 13 06006030 06 61103, y 06 10106011 61 remedio 06
6113, 006 316000 61 01136131116 130 01313106οῑ6 0001000100 y 10013-
00 3 013003 60 01301063133 0001130100101163, y no 3311160οΟ 11031-
mente 006 1630011061 3100 31606136 3 Caluino, no 00130 01031131
06 01006136 0303 06 30 0103110303 0010100; 0610 ganose mucha
6011103οἰ00 1101061331 06 103 03160163 y 0001111030100 611 13 1761030
011311101103, 1116000 13 1οΖ 06 13 00011103 006 130 01313106016 063-
113213133 1101613133 06 103 6110163 0001131103, y horror 06 13 obsti-
030100 116161103, 006, como 60 106010 06 61 301 00160 001116103
ojos 110103 06113 ν61 0303, 331 00 06Χ303 llegar 31 60160010116010
de 6316 61 1630130001 06 13 ν61030.

12. Quanto 3 103 63100103 (16 161133, 331 06 11001301030 como
06 philosophia y theologia, van 06 11160 60 mejor. El 00111610 06
“ 103 63100130163 va 0163016000, 006 10003 001110013003, 03330 06

